01801682934
01801779839
01713397184
01801841441
01801934671
01713308079
01801781998
02133792801
02133808353
02128317535
02133725249
02128378179
02723386112
02128134179
02701512262
01801689316
02128369595
02723313076
02128160116
02723311973
02723338811
02723330861
02128154673
02101948979
02128304201
01713367215
02723390821
02723388661
02723381669
02128159586
02101982135
01713406397
02133733447
02024214162
02723369386
02721228769
01801702686
02723338008
02128092751
01801482145
02701514498
02721243021
01801733511
01801548422
02723304234
02128429714
01801707461
01801732645
02721252918
02723348946
01801586192
02721245074
02133751785
02723332017
02723325519
02723388258
02128352432
02723305611
02102111354
02723412456
02128065719
02128227131
02723410358
02133697047
02133755578
02128104491
02128159081
02102358355
01801503563
01801586312
01801701705
01801482895
02723383940
01801599480
02723357742
02128231780
02701518920
02102029168
01801541236
02723382587
02723322817
02721226972
02723307824
02721229701
02167675218
02723344384
02167675858
02723349789
01801756213
02723309398
02128358863
01713375829
02133764165
01801660235
02101973063
02128107132
02723394558
02102014403
02723389642
02133686107
02721232540
02102355768
02723314982
01801577401
02133744289
02128403675
02128157845
02723333909
02128054633
02102048231
02128264003
01713397989
02101904902
02701514543
02723381400
02701518838
02723368093
02721206867
01713337157
01713347322
02102029458
02723313192
02128351983
02721247522
02128434849
02723325618
02102394405
02723345736
02128134993
02723388203
02101972191
01801885877
01713398034
01801638554
01713403984
01713310639
01801854033
02133763826
01801714511
02102047017
01801629570
02102256239
01801597987
02128236633
01801486444
02128118204
02128134546
01801776748
02128018163
01801478536
02101926521
02128234523
02128395307
02128271800
01801843689
02101906050
02721213241
01801730596
01801578638
02721209325
02128003261
02721207073
02723405496
01801713265
02723396356
02723377593
02723345851
01801694335
02102085403
02723381384
01801856287
02102050236
02128183238
02721207393
02128263267
02701517960
02723376070
02721212853
02723386526
02128363361
02721248113
02128148209
02721233558
02128176571
02721205775
02102351263
02102019275
02133746477
02128056592
02721245968
02723342135
01713394893
01801682444
02128251790
02723340545
02102068418
01801940301
01801555992
01801780478
02723372336
02723409535
02723341403
02723371684
02721204555
01801657539
02128301044
01801521212
02128068845
02128112208
01801503525
02128110823
02723391236
02128407424
02128009408
02101932839
02102018275
02723407087
02101962366
02723395333
02101995310
02102212508
02128436587
02102268809
02128457394
01801519560
01801518129
01801781752
01801765462
01801779242
01801733680
01801636481
01801705863
02128119174
02723310419
02128430360
02723319093
02102121950
02102233273
02723331702
02723345243
02721230855
02723394185
02721227166
02723393121
02701503449
01801856616
02701500827
02723392554
01713303866
02723402812
01801868720
01801464046
01801620688
02102061846
02723396195
02102348465
01801673493
01801581780
02128450800
01801501890
02128202810
01801641156
02128323058
01801622178
02102357472
02128054588
01801483193
02167674338
01801653044
01713364113
02102276296
02133754387
01801861916
01713384737
02128308649
01713381144
01713291046
02133761884
02101904176
02133807142
02723374153
02102206451
02723300218
02102133333
01801940451
01801823852
02128060226
02723397742
02721202453
02723368945
02721240227
01801602084
02723306600
02102344514
02128217038
02102392180
02721233697
01801856101
02128232288
02102037566
01801469443
02128134436
02101948443
01801563720
02723410357
02701503477
02723371250
01713303706
01801686634
02723330126
02723344679
02723323439
02701511014
02102044759
02128130325
02128443680
02701504180
02723379084
01801743574
01801864358
01801707725
02133807699
02128174442
02128379268
01801752189
02723399546
02167674837
02723365581
01801646278
01801569709
02133681219
01801535892
01713234401
02721251687
02101915206
02128386156
02723397923
02128152201
02167675083
02102199150
02723385945
01801629766
02723379447
02133712747
02721204997
01801661920
01801727795
01801783708
01801778074
02128009271
02133716451
02102219132
02128216590
02723372395
02128208923
02102003660
02102085511
02133718050
02723432098
01801784508
02723306000
02102036448
02701500279
02102020910
01713304211
02723399446
02133806277
02723343370
02101923763
02723352974
02723324538
02723375012
02133760915
02723378290
02102346790
01801824005
01801864424
02102236319
01801820180
02101941944
01801843129
02102215032
01713295892
02723388135
02024207922
02128432839
01801477933
02133714798
02721202650
02133751200
02721201054
02102368963
01801858134
01801483854
02024218254
01801598029
02102207458
01801742839
02102093372
01801707986
02721251614
01801728387
02721214471
02102275415
01713362655
02721203538
01801659336
02701505864
01801682683
02701506226
02128433583
02128188553
02102383212
02128192921
01801778567
02723340442
01801503395
02102156670
01801824044
01801830017
02128114508
02133790141
02128150902
02723360921
02133704835
02102050616
02723387681
01801777296
02723359107
02723430229
02128176513
01801748678
02102160428
01801704315
02723365844
02701501826
02723362653
02128321377
02723351614
02101987835
02723389970
02723327104
01801472042
01713363627
02102360510
02701515520
02102327544
02721239301
02102340129
02721220814
01801590293
02721220379
02128103412
02723378940
02723330451
02128269385
02128191275
02102396224
02721250898
02128132761
01713337787
02102356284
01713238579
01801545653
01801834911
01801862505
01801683554
02721211174
01801516719
02701517335
02723356428
02723399838
02133753678
02128332769
02128343392
02723383054
02102048536
02701506350
02723378809
02128236995
02723341732
02128133858
02723335467
02128140080
02721206141
01801764624
02721234514
02721226967
02721240306
02723309063
02723343089
01801944717
02721228820
02167674685
02723390327
02723428990
02721205361
01801944643
01801812422
01801823074
